linkid	inode	jnode	flag	obflag	detectorid
1	12358	12351	0	-1	0
2	11093	11092	0	-1	0
3	11093	11095	0	-1	0
4	11713	14794	1	2	7639
5	14736	14735	0	-1	0
6	12339	12346	0	-1	0
7	12365	14051	1	3	8067
8	14772	14783	0	-1	0
9	12647	12666	0	-1	0
10	11272	11293	0	-1	0
11	14718	14763	1	4	7971
12	11256	11252	0	-1	0
13	11314	11269	0	-1	0
14	11506	11503	0	-1	0
15	11506	11505	0	-1	0
16	12081	11966	0	-1	0
17	11248	11214	0	-1	0
18	12447	12557	0	-1	0
19	11771	11790	0	-1	0
20	11104	11101	0	-1	0
21	12685	12688	0	-1	0
22	11832	11963	0	-1	0
23	14789	14785	1	5	7526
24	2169	2209	1	6	7640
25	14755	14754	0	-1	0
26	11731	11730	0	-1	0
27	11731	11732	0	-1	0
28	11294	11289	0	-1	0
29	12693	12843	0	-1	0
30	11086	11089	0	-1	0
31	11664	14766	0	-1	0
32	11105	11103	0	-1	0
33	11105	11108	0	-1	0
34	12348	12389	0	-1	0
35	12524	12521	0	-1	0
36	12524	12528	0	-1	0
37	12687	12679	0	-1	0
38	11877	15258	0	-1	0
39	15211	15214	1	7	8116
40	11319	11320	0	-1	0
41	11319	11321	0	-1	0
42	10990	11046	0	-1	0
43	2520	2533	1	8	8072
44	14713	10868	0	-1	0
45	11717	11753	0	-1	0
46	11260	11216	0	-1	0
47	11974	12038	0	-1	0
48	12428	12442	0	-1	0
49	11171	11173	0	-1	0
50	12210	14463	0	-1	0
51	11927	11934	0	-1	0
52	12623	12547	0	-1	0
53	11368	11435	0	-1	0
54	11416	11448	0	-1	0
55	2331	2469	0	-1	0
56	11869	11810	0	-1	0
57	14061	12458	1	9	8338
58	12914	12821	0	-1	0
59	11299	11302	0	-1	0
60	11299	11300	0	-1	0
61	4979	4964	0	-1	0
62	11286	11381	0	-1	0
63	11945	11940	0	-1	0
64	14761	11662	1	10	7973
66	12466	12442	0	-1	0
67	11521	11520	0	-1	0
68	5870	5981	1	11	8071
69	14704	11592	0	-1	0
70	12145	12173	0	-1	0
71	14764	14745	0	-1	0
72	11889	11946	0	-1	0
73	12532	12549	0	-1	0
74	11602	11589	0	-1	0
75	11884	11920	0	-1	0
76	11966	11933	0	-1	0
77	11402	11313	0	-1	0
78	11269	11272	0	-1	0
79	11927	11920	0	-1	0
80	11883	11881	0	-1	0
81	11163	11155	0	-1	0
82	11883	11889	0	-1	0
83	11358	11294	0	-1	0
84	12886	12860	0	-1	0
85	2615	2674	0	-1	0
86	11355	11489	0	-1	0
87	12722	12718	0	-1	0
88	12730	12734	0	-1	0
89	11261	11260	0	-1	0
90	14468	11533	0	-1	0
91	11298	11297	0	-1	0
92	11729	11737	0	-1	0
93	2598	11748	0	-1	0
94	11098	11104	0	-1	0
95	11852	11826	0	-1	0
96	11477	11544	0	-1	0
97	11304	11292	0	-1	0
98	11735	11706	1	12	7587
99	11739	11748	0	-1	0
100	12350	12348	0	-1	0
101	12244	12233	0	-1	0
102	11157	11175	0	-1	0
103	12338	12240	0	-1	0
104	11855	14290	0	-1	0
105	2672	2599	0	-1	0
106	12446	12473	0	-1	0
107	15222	15232	1	13	8115
108	11520	11521	0	-1	0
109	11196	11177	0	-1	0
110	12484	12485	0	-1	0
111	11881	11883	0	-1	0
112	11103	11105	0	-1	0
113	11103	11102	0	-1	0
114	12182	12108	0	-1	0
115	11946	11974	0	-1	0
116	11086	11080	0	-1	0
117	12025	12174	0	-1	0
118	12389	12348	0	-1	0
119	11554	11335	0	-1	0
120	12607	12604	0	-1	0
121	11279	11256	0	-1	0
122	12480	12470	0	-1	0
123	12481	12519	0	-1	0
124	12163	12210	0	-1	0
125	12521	12478	0	-1	0
126	11931	11929	0	-1	0
127	14693	14694	0	-1	0
128	11270	11263	0	-1	0
129	12617	12539	0	-1	0
130	11267	11254	0	-1	0
131	12357	12254	0	-1	0
132	11920	11927	0	-1	0
133	11494	11678	0	-1	0
134	11726	11736	0	-1	0
135	11726	11732	0	-1	0
136	11821	11783	0	-1	0
137	12150	12206	0	-1	0
138	11292	11304	0	-1	0
139	12758	12725	0	-1	0
140	10934	11060	0	-1	0
141	11782	11903	0	-1	0
142	12203	12170	0	-1	0
143	15219	12035	0	-1	0
144	12604	12624	0	-1	0
145	11507	11522	0	-1	0
146	12486	12480	0	-1	0
147	12486	12489	0	-1	0
148	2047	11122	0	-1	0
149	11952	11967	0	-1	0
150	11822	11816	0	-1	0
151	11462	11488	0	-1	0
152	14456	11892	0	-1	0
153	12401	12403	0	-1	0
154	11544	11599	0	-1	0
155	12596	12619	0	-1	0
156	12478	12396	0	-1	0
157	12049	12002	0	-1	0
158	12174	12334	0	-1	0
159	12306	12296	0	-1	0
160	12460	12493	0	-1	0
161	14697	14698	0	-1	0
162	11987	12043	0	-1	0
163	11626	11620	1	14	7964
164	11140	11078	0	-1	0
165	12448	12457	0	-1	0
166	11489	11623	0	-1	0
167	12176	12201	0	-1	0
168	12582	12553	0	-1	0
169	12344	12338	0	-1	0
170	11890	11847	0	-1	0
171	14742	14747	0	-1	0
172	12055	12123	0	-1	0
173	11096	11214	0	-1	0
174	12014	11980	0	-1	0
175	11295	11294	0	-1	0
176	11295	11296	0	-1	0
177	12113	12166	0	-1	0
178	12703	12701	0	-1	0
179	12114	12104	0	-1	0
180	11697	11750	0	-1	0
181	12032	12067	0	-1	0
182	12339	12506	0	-1	0
183	11560	14716	0	-1	0
184	15235	15234	0	-1	0
185	12235	12251	0	-1	0
186	12033	15212	0	-1	0
187	12434	12446	0	-1	0
188	14788	11561	0	-1	0
189	11797	11772	0	-1	0
190	14716	14718	0	-1	0
191	11589	11582	0	-1	0
192	5744	5694	0	-1	0
193	11082	11183	0	-1	0
194	11111	11131	0	-1	0
195	11216	11260	0	-1	0
196	11731	11683	0	-1	0
197	11781	11734	0	-1	0
198	12916	12912	0	-1	0
199	12768	15240	0	-1	0
200	12284	12354	0	-1	0
201	11826	11785	0	-1	0
202	11984	12099	0	-1	0
203	12240	12229	0	-1	0
204	12209	12242	0	-1	0
205	12659	12623	0	-1	0
206	11272	11269	0	-1	0
207	12060	12038	0	-1	0
208	11494	11320	0	-1	0
209	12619	12596	0	-1	0
210	12504	12523	0	-1	0
211	11101	11104	0	-1	0
212	11101	11100	0	-1	0
213	11507	11396	0	-1	0
214	11008	11116	0	-1	0
215	11647	11613	0	-1	0
216	12227	12191	0	-1	0
217	11974	11946	0	-1	0
218	14047	12365	0	-1	0
219	14715	14711	0	-1	0
220	11320	11494	0	-1	0
221	12483	12454	0	-1	0
222	11091	11090	0	-1	0
223	11091	11092	0	-1	0
224	14727	14761	0	-1	0
225	12201	12254	0	-1	0
226	12219	12200	0	-1	0
227	12628	12635	0	-1	0
228	15226	12197	0	-1	0
229	5016	5101	0	-1	0
230	12426	12413	0	-1	0
231	14775	11520	0	-1	0
232	11290	11242	0	-1	0
233	15244	12916	0	-1	0
234	11582	11541	0	-1	0
235	5723	5738	0	-1	0
236	11930	11960	0	-1	0
237	12462	12477	0	-1	0
238	14791	14795	0	-1	0
239	11883	11859	0	-1	0
240	14783	11575	0	-1	0
241	12281	12349	0	-1	0
242	11111	11511	0	-1	0
243	12273	12253	0	-1	0
244	14695	14762	1	15	7783
245	12632	12647	0	-1	0
246	11263	11270	0	-1	0
247	12107	12109	0	-1	0
248	12107	12105	0	-1	0
249	11811	11810	0	-1	0
250	11811	11812	0	-1	0
251	12123	12176	0	-1	0
252	11505	11299	0	-1	0
253	14730	14724	0	-1	0
254	12346	12352	0	-1	0
255	5805	5811	0	-1	0
256	12417	12479	0	-1	0
257	2676	2672	1	16	7303
258	11892	14456	0	-1	0
259	11399	11416	0	-1	0
260	12613	12355	0	-1	0
261	11592	14722	0	-1	0
262	12629	12631	0	-1	0
263	11694	11497	0	-1	0
264	12099	12094	0	-1	0
265	14698	14699	0	-1	0
266	14781	14782	0	-1	0
267	12115	12217	0	-1	0
268	12647	12632	0	-1	0
269	11097	11096	0	-1	0
270	11097	11098	0	-1	0
271	15226	15228	0	-1	0
272	14109	14110	0	-1	0
273	12121	12119	0	-1	0
274	11790	11771	0	-1	0
275	14463	12503	0	-1	0
276	11173	11171	0	-1	0
277	11870	14290	0	-1	0
278	12475	12481	0	-1	0
279	11590	11660	0	-1	0
280	11647	11697	0	-1	0
281	11522	11523	0	-1	0
282	12110	12115	0	-1	0
283	12497	12609	0	-1	0
284	11493	4979	0	-1	0
285	11379	11509	0	-1	0
286	11493	11489	0	-1	0
287	11143	11205	0	-1	0
288	12299	12304	0	-1	0
289	12221	12098	0	-1	0
290	12635	12611	0	-1	0
291	14759	14752	0	-1	0
292	11969	11960	0	-1	0
293	12552	12596	0	-1	0
294	11740	11755	0	-1	0
295	12882	15241	0	-1	0
296	5803	5805	0	-1	0
297	12224	12237	0	-1	0
298	11838	11835	0	-1	0
299	11640	11690	1	17	8220
300	10952	11122	0	-1	0
301	11176	11181	0	-1	0
302	12066	12121	0	-1	0
303	12067	12108	0	-1	0
304	11326	11362	0	-1	0
305	14796	14793	1	18	7525
306	11810	11811	0	-1	0
307	12557	12563	0	-1	0
308	11810	11817	0	-1	0
309	12696	12698	0	-1	0
310	12696	12691	0	-1	0
311	12596	12552	0	-1	0
312	12458	12306	1	19	8066
313	12132	12121	0	-1	0
314	12393	12385	0	-1	0
315	11582	11589	0	-1	0
316	11699	11543	0	-1	0
317	11599	11603	0	-1	0
318	11936	11942	0	-1	0
319	12003	11981	0	-1	0
320	11160	11106	0	-1	0
321	12218	12149	0	-1	0
322	12635	12657	0	-1	0
323	11181	11226	0	-1	0
324	12102	12098	0	-1	0
325	14463	12210	0	-1	0
326	11910	12025	0	-1	0
327	12253	12273	0	-1	0
328	11488	11512	0	-1	0
329	11297	11298	0	-1	0
330	11721	11810	0	-1	0
331	11267	11268	0	-1	0
332	11187	14713	0	-1	0
333	2582	2520	0	-1	0
334	12495	15233	0	-1	0
335	12001	11970	0	-1	0
336	12291	12299	0	-1	0
337	12718	12722	0	-1	0
338	15209	14757	0	-1	0
339	11825	11712	0	-1	0
340	11831	11786	0	-1	0
341	11282	11270	0	-1	0
342	12549	12555	0	-1	0
343	12100	12104	0	-1	0
344	12354	12353	0	-1	0
345	12102	12110	0	-1	0
346	12515	12520	0	-1	0
347	11648	2635	1	20	7577
348	12113	12079	0	-1	0
349	11680	11756	0	-1	0
350	12402	12411	0	-1	0
351	11093	10932	0	-1	0
352	11611	14792	0	-1	0
353	11131	11133	0	-1	0
354	11946	11889	0	-1	0
355	11920	11884	0	-1	0
356	11099	11111	0	-1	0
357	11176	14690	0	-1	0
358	12344	12345	0	-1	0
359	11875	11870	0	-1	0
360	12175	12157	0	-1	0
361	11834	11775	0	-1	0
362	12413	12426	0	-1	0
363	12244	12261	0	-1	0
364	11678	11683	0	-1	0
365	2563	2564	0	-1	0
366	11155	2005	0	-1	0
367	11825	11837	0	-1	0
368	11825	11832	0	-1	0
369	12865	12857	0	-1	0
370	12071	12104	0	-1	0
371	11315	11279	0	-1	0
372	12318	12403	0	-1	0
373	12037	15221	0	-1	0
374	11348	11376	0	-1	0
375	11546	11533	0	-1	0
376	12408	12413	0	-1	0
377	5031	4979	0	-1	0
378	11578	11612	0	-1	0
379	14741	14742	0	-1	0
380	11183	11276	0	-1	0
381	11889	11883	0	-1	0
382	14710	11549	0	-1	0
383	11897	11936	0	-1	0
384	12220	12339	0	-1	0
385	2599	11739	0	-1	0
386	12513	12536	0	-1	0
387	12434	12419	0	-1	0
388	11300	11299	0	-1	0
389	11300	11296	0	-1	0
390	11678	11494	0	-1	0
391	11106	11160	0	-1	0
392	11089	11287	0	-1	0
393	11963	11961	0	-1	0
394	12348	12343	0	-1	0
395	12002	11964	0	-1	0
396	12698	12696	0	-1	0
397	12223	12235	0	-1	0
398	12432	12411	0	-1	0
399	12100	12099	0	-1	0
400	12609	12611	0	-1	0
401	11541	11582	0	-1	0
402	12564	12458	0	-1	0
403	14728	14737	1	21	7764
404	11981	11958	0	-1	0
405	12845	12826	0	-1	0
406	11458	11409	0	-1	0
407	12541	12543	0	-1	0
408	12729	12763	0	-1	0
409	15231	15217	0	-1	0
410	11494	11495	0	-1	0
411	11287	11089	0	-1	0
412	11489	14297	0	-1	0
413	12460	12445	0	-1	0
414	11204	2005	0	-1	0
415	11737	11742	0	-1	0
416	12103	12108	0	-1	0
417	11882	11812	0	-1	0
418	11290	11291	0	-1	0
419	11877	11905	0	-1	0
420	11294	11358	0	-1	0
421	12428	12424	0	-1	0
422	11759	11758	0	-1	0
423	12505	12520	0	-1	0
424	12768	12767	0	-1	0
425	12768	12769	0	-1	0
426	11732	11726	0	-1	0
427	11753	11772	0	-1	0
428	12688	12691	0	-1	0
429	14708	14710	0	-1	0
430	12456	12452	0	-1	0
431	11107	11106	0	-1	0
432	11852	11854	0	-1	0
433	11966	12081	0	-1	0
434	15225	15226	0	-1	0
435	12283	15235	0	-1	0
436	12519	12481	0	-1	0
437	11116	11114	0	-1	0
438	11116	11119	0	-1	0
439	11435	11506	0	-1	0
440	11104	10939	0	-1	0
441	12683	12627	0	-1	0
442	12690	12687	0	-1	0
443	12690	12685	0	-1	0
444	12534	12528	0	-1	0
445	11942	11958	0	-1	0
446	11294	11092	0	-1	0
447	11441	11520	0	-1	0
448	11630	11785	0	-1	0
449	15210	12001	0	-1	0
450	11544	11477	0	-1	0
451	12149	12132	0	-1	0
452	11613	11563	0	-1	0
453	12348	12242	0	-1	0
454	11155	11148	0	-1	0
455	15241	12766	1	22	8102
456	11107	11114	0	-1	0
457	12352	12362	0	-1	0
458	14723	11575	1	23	7533
459	11196	11215	0	-1	0
460	11505	11506	0	-1	0
461	11766	11767	0	-1	0
462	12225	12203	0	-1	0
463	12475	12470	0	-1	0
464	11564	11611	0	-1	0
465	12403	12318	0	-1	0
466	14745	14746	0	-1	0
467	11812	11882	0	-1	0
468	12251	12271	0	-1	0
469	11321	11319	0	-1	0
470	11509	2518	1	24	8082
471	12336	12349	0	-1	0
472	12047	12034	0	-1	0
473	12687	12690	0	-1	0
474	12485	12484	0	-1	0
475	12485	12488	0	-1	0
476	12481	12475	0	-1	0
477	11624	11782	0	-1	0
478	12481	12473	0	-1	0
479	12617	12618	0	-1	0
480	12617	12612	0	-1	0
481	2674	11712	0	-1	0
482	11816	11814	0	-1	0
483	12611	12609	0	-1	0
484	14790	11573	1	25	7531
485	12554	12547	0	-1	0
486	11170	11163	0	-1	0
487	11111	11099	0	-1	0
488	12025	11910	0	-1	0
489	12879	12898	0	-1	0
490	12402	12393	0	-1	0
491	12170	12174	0	-1	0
492	11174	11175	0	-1	0
493	11174	11176	0	-1	0
494	12763	12851	0	-1	0
495	11078	11059	0	-1	0
496	11323	11168	0	-1	0
497	11299	11093	0	-1	0
498	12099	11984	0	-1	0
499	11933	11966	0	-1	0
500	12032	11978	0	-1	0
501	12405	12419	0	-1	0
502	11964	12002	0	-1	0
503	14051	14055	1	26	8341
504	11438	11475	0	-1	0
505	11913	11873	0	-1	0
506	12466	12469	0	-1	0
507	11980	12014	0	-1	0
508	12242	12209	0	-1	0
509	14721	14692	0	-1	0
510	12105	12113	0	-1	0
511	12355	12103	0	-1	0
512	12536	12513	0	-1	0
513	11963	12115	0	-1	0
514	14776	14782	1	27	7527
515	11321	11305	0	-1	0
516	11409	11458	0	-1	0
517	12398	12445	0	-1	0
518	12150	12152	0	-1	0
519	11495	11459	0	-1	0
520	12037	11971	0	-1	0
521	12106	12109	0	-1	0
522	11137	11135	0	-1	0
523	12424	12422	0	-1	0
524	12424	12428	0	-1	0
525	11703	11672	0	-1	0
526	11707	11709	0	-1	0
527	12610	12613	0	-1	0
528	12150	12060	0	-1	0
529	11447	11362	0	-1	0
530	11734	11706	0	-1	0
531	2676	11694	0	-1	0
532	12447	12343	0	-1	0
533	12614	14052	0	-1	0
534	14731	14732	0	-1	0
535	11542	11546	0	-1	0
536	12121	12066	0	-1	0
537	12664	12701	0	-1	0
538	11293	11274	0	-1	0
539	11293	11272	0	-1	0
540	12049	12068	0	-1	0
541	12698	12697	0	-1	0
542	11187	11191	0	-1	0
543	12449	12463	0	-1	0
544	12273	12291	0	-1	0
545	12515	12494	0	-1	0
546	11810	11869	0	-1	0
547	14726	14731	0	-1	0
548	2469	2543	1	28	7642
549	11618	11603	0	-1	0
550	12843	12876	0	-1	0
551	11870	11875	0	-1	0
552	11055	11072	0	-1	0
553	12555	12549	0	-1	0
554	14735	11664	0	-1	0
555	12099	12281	0	-1	0
556	11853	11762	1	29	7765
557	14719	14720	0	-1	0
558	12113	12105	0	-1	0
559	11291	11290	0	-1	0
560	11771	11756	0	-1	0
561	14771	14780	0	-1	0
562	14703	14704	1	30	7692
563	11435	11368	0	-1	0
564	11186	11181	0	-1	0
565	11970	11878	0	-1	0
566	11046	11077	0	-1	0
567	11275	11292	0	-1	0
568	12350	12345	0	-1	0
569	11140	11168	0	-1	0
570	11157	11174	0	-1	0
571	11788	11750	0	-1	0
572	11623	11657	0	-1	0
573	14041	12365	0	-1	0
574	12306	14044	0	-1	0
575	12563	12557	0	-1	0
576	11027	11055	0	-1	0
577	12447	12448	0	-1	0
578	11668	11667	0	-1	0
579	11143	11148	0	-1	0
580	11143	11142	0	-1	0
581	11503	11506	0	-1	0
582	12373	12366	0	-1	0
583	14709	14708	0	-1	0
584	14785	14784	0	-1	0
585	15233	15223	1	31	8104
586	11148	11155	0	-1	0
587	11381	11441	0	-1	0
588	11219	11191	0	-1	0
589	11683	2169	0	-1	0
590	11512	14704	0	-1	0
591	2593	11759	0	-1	0
592	12166	12209	0	-1	0
593	12079	12113	0	-1	0
594	11699	11714	0	-1	0
595	11936	11897	0	-1	0
596	12201	12176	0	-1	0
597	12473	12446	0	-1	0
598	12422	12539	0	-1	0
599	11739	2593	0	-1	0
600	11884	11890	0	-1	0
601	11355	11283	0	-1	0
602	11458	11459	0	-1	0
603	11098	11097	0	-1	0
604	11396	11507	0	-1	0
605	11734	11781	0	-1	0
606	14763	14739	1	33	7972
607	11096	11060	0	-1	0
608	14714	14712	1	34	7773
609	12420	12455	0	-1	0
610	11967	11980	0	-1	0
611	15240	12730	0	-1	0
612	11092	11294	0	-1	0
613	11608	11583	0	-1	0
614	11193	11178	0	-1	0
615	11455	11358	0	-1	0
616	12471	12468	0	-1	0
617	14084	11654	0	-1	0
618	12003	12015	0	-1	0
619	11599	11544	0	-1	0
620	11694	2672	0	-1	0
621	11269	11314	0	-1	0
622	14792	14791	0	-1	0
623	12857	12865	0	-1	0
624	11654	14109	1	35	7799
625	12106	12098	0	-1	0
626	12354	12284	0	-1	0
627	14711	14702	0	-1	0
628	11788	11867	0	-1	0
629	15228	15229	0	-1	0
630	12463	12449	0	-1	0
631	11963	11832	0	-1	0
632	12439	12449	0	-1	0
633	11772	11797	0	-1	0
634	12281	12099	0	-1	0
635	12317	12346	0	-1	0
636	12210	12163	0	-1	0
637	11603	11618	0	-1	0
638	12629	12503	0	-1	0
639	11551	11578	0	-1	0
640	11712	2702	0	-1	0
641	12030	11979	0	-1	0
642	15221	12037	0	-1	0
643	12345	12350	0	-1	0
644	12114	12113	0	-1	0
645	14694	14695	0	-1	0
646	12766	12651	1	36	8103
647	11964	11864	0	-1	0
648	11758	11751	1	37	7430
649	14780	14779	0	-1	0
650	12304	12299	0	-1	0
651	11323	11342	0	-1	0
653	11660	11669	0	-1	0
654	2543	2598	0	-1	0
655	11368	11332	0	-1	0
656	12457	12448	0	-1	0
657	5338	5341	0	-1	0
658	11259	11271	0	-1	0
659	11669	11667	0	-1	0
660	11669	11660	0	-1	0
661	11635	11602	0	-1	0
662	12376	12417	0	-1	0
663	14456	11903	0	-1	0
664	11501	11476	0	-1	0
665	11459	11458	0	-1	0
666	12691	12688	0	-1	0
667	14787	11533	0	-1	0
668	11286	11205	0	-1	0
669	14786	14787	0	-1	0
670	11978	11855	0	-1	0
671	11934	11927	0	-1	0
672	12687	12826	0	-1	0
673	12095	12107	0	-1	0
674	15216	15210	0	-1	0
675	11884	14759	0	-1	0
676	11399	11361	0	-1	0
677	12355	14460	0	-1	0
678	12503	14463	0	-1	0
679	12539	12422	0	-1	0
680	11940	11929	0	-1	0
681	11676	11628	0	-1	0
682	15214	15215	0	-1	0
683	11984	11869	0	-1	0
684	12454	12483	0	-1	0
685	12563	12612	0	-1	0
686	11859	11790	0	-1	0
687	11102	11103	0	-1	0
688	11102	11100	0	-1	0
689	15237	12542	0	-1	0
690	14113	14114	0	-1	0
691	11477	11359	0	-1	0
692	11578	14696	0	-1	0
693	12167	12184	0	-1	0
694	12863	12716	0	-1	0
695	15220	15219	0	-1	0
696	11816	11822	0	-1	0
697	11191	11219	0	-1	0
698	11563	14780	0	-1	0
699	11089	11090	0	-1	0
700	14729	14730	0	-1	0
701	12608	12609	0	-1	0
702	11100	11101	0	-1	0
703	11100	11102	0	-1	0
704	12349	12281	0	-1	0
705	11628	11676	0	-1	0
706	12349	12422	0	-1	0
707	2598	2615	1	38	7289
708	12619	14055	0	-1	0
709	12132	12149	0	-1	0
710	14780	14772	0	-1	0
711	12115	11963	0	-1	0
712	11760	11785	0	-1	0
713	12385	12345	0	-1	0
714	12346	12339	0	-1	0
715	11710	11704	0	-1	0
716	11214	11096	0	-1	0
717	12349	12340	0	-1	0
718	12286	12351	0	-1	0
719	14696	14769	0	-1	0
720	11563	11613	0	-1	0
721	11635	11680	0	-1	0
722	14712	14713	0	-1	0
723	12666	12821	0	-1	0
724	14737	14736	0	-1	0
725	15212	15213	0	-1	0
726	12452	12450	0	-1	0
727	12452	12456	0	-1	0
728	15215	12180	0	-1	0
729	11090	11091	0	-1	0
730	15217	15218	0	-1	0
731	11268	11264	0	-1	0
732	11268	11267	0	-1	0
733	11168	11174	0	-1	0
734	11168	11173	0	-1	0
735	11283	11116	0	-1	0
736	12237	12224	0	-1	0
737	12119	12117	0	-1	0
738	12121	12132	0	-1	0
739	11141	11137	0	-1	0
740	12451	12447	0	-1	0
741	11685	11675	0	-1	0
742	11549	11579	1	39	7694
743	11506	11590	0	-1	0
744	12716	12863	0	-1	0
745	11332	11259	0	-1	0
746	12642	12619	0	-1	0
747	15219	15210	0	-1	0
748	11497	11496	0	-1	0
749	11668	11505	0	-1	0
750	11960	11930	0	-1	0
751	14759	11877	0	-1	0
752	11082	11080	0	-1	0
753	5176	5338	1	40	8084
754	11496	11717	0	-1	0
755	12362	12358	0	-1	0
756	12362	12352	0	-1	0
757	4964	4979	0	-1	0
758	11283	11355	0	-1	0
759	12318	12275	0	-1	0
760	11775	2520	0	-1	0
761	10939	11104	0	-1	0
762	12151	12167	0	-1	0
763	15260	12033	0	-1	0
764	12513	12401	0	-1	0
765	12520	12505	0	-1	0
766	2519	5700	0	-1	0
767	11147	11101	0	-1	0
768	12349	12336	0	-1	0
769	12318	12334	0	-1	0
770	5981	6124	0	-1	0
771	11077	11113	0	-1	0
772	11550	14786	0	-1	0
773	12521	12524	0	-1	0
774	11721	11623	0	-1	0
775	12503	12629	0	-1	0
776	11913	5744	0	-1	0
777	11476	11501	0	-1	0
778	12173	15227	0	-1	0
779	11109	11110	0	-1	0
780	12267	12218	0	-1	0
781	12108	12182	0	-1	0
782	14460	12354	0	-1	0
783	11495	4964	0	-1	0
784	12373	12376	0	-1	0
785	12484	12491	0	-1	0
786	11903	11782	0	-1	0
787	11748	2615	0	-1	0
788	2533	2568	1	41	7581
789	12507	12541	0	-1	0
790	12334	12396	0	-1	0
791	11905	11910	0	-1	0
792	11951	11870	0	-1	0
793	11055	11027	0	-1	0
794	12725	12758	0	-1	0
795	12180	12174	0	-1	0
796	12628	12629	0	-1	0
797	12099	12100	0	-1	0
798	12411	12402	0	-1	0
799	11238	11313	0	-1	0
800	12103	12355	0	-1	0
801	11104	11098	0	-1	0
802	14748	14750	0	-1	0
803	12109	12191	0	-1	0
804	11931	11936	0	-1	0
805	11313	11238	0	-1	0
806	11958	11981	0	-1	0
807	11438	11402	0	-1	0
808	11816	11864	0	-1	0
809	12455	12494	0	-1	0
810	12623	12614	0	-1	0
811	12098	12102	0	-1	0
812	11679	14190	1	42	7449
813	12196	15228	0	-1	0
814	12505	12464	0	-1	0
815	12393	12402	0	-1	0
816	11376	11418	0	-1	0
817	12184	12200	0	-1	0
818	12523	12532	0	-1	0
819	12519	12551	0	-1	0
820	14690	14689	0	-1	0
821	11770	11783	0	-1	0
822	11821	5694	0	-1	0
823	11362	11326	0	-1	0
824	15236	15238	0	-1	0
825	12547	12554	0	-1	0
826	12549	12532	0	-1	0
827	11205	11143	0	-1	0
828	12217	12115	0	-1	0
829	11046	5202	0	-1	0
830	14774	14775	0	-1	0
831	11884	11848	0	-1	0
832	11274	11261	0	-1	0
833	12656	12582	0	-1	0
834	15259	15260	0	-1	0
835	12612	12617	0	-1	0
836	11929	11940	0	-1	0
837	11714	11699	0	-1	0
838	4964	11495	0	-1	0
839	12615	12613	0	-1	0
840	11561	11566	0	-1	0
841	11967	11952	0	-1	0
842	12261	12275	0	-1	0
843	12491	12504	0	-1	0
844	5341	5347	0	-1	0
845	12724	12725	0	-1	0
846	12724	12722	0	-1	0
847	11093	11299	0	-1	0
848	12553	12536	0	-1	0
849	11089	10854	0	-1	0
850	12033	12025	0	-1	0
851	11737	11729	0	-1	0
852	11507	11494	0	-1	0
853	11178	11147	0	-1	0
854	11742	11736	0	-1	0
855	11690	11696	0	-1	0
856	12014	12034	0	-1	0
857	11782	11624	0	-1	0
858	12497	12503	0	-1	0
859	15258	15259	0	-1	0
860	12334	12318	0	-1	0
861	11878	11853	1	43	8106
862	11171	11163	0	-1	0
863	12377	12376	0	-1	0
864	15242	15243	0	-1	0
865	11335	11554	0	-1	0
866	12439	12432	0	-1	0
867	12043	11987	0	-1	0
868	12664	12656	0	-1	0
869	11821	11823	0	-1	0
870	10974	11103	0	-1	0
871	12394	12392	0	-1	0
872	12394	12397	0	-1	0
873	6124	12222	0	-1	0
874	14795	14796	0	-1	0
875	12405	12389	0	-1	0
876	12353	12363	0	-1	0
877	11687	11604	0	-1	0
878	12385	12393	0	-1	0
879	12104	12071	0	-1	0
880	11579	11592	0	-1	0
881	11942	11936	0	-1	0
882	11342	11323	0	-1	0
883	12478	12521	0	-1	0
884	12631	12629	0	-1	0
885	12338	12471	0	-1	0
886	14750	14756	1	45	8117
887	11755	11740	0	-1	0
888	12214	6882	0	-1	0
889	12357	12391	0	-1	0
890	12507	12461	0	-1	0
891	12456	12451	0	-1	0
892	11848	11884	0	-1	0
893	12469	12466	0	-1	0
894	12432	12439	0	-1	0
895	2274	11781	0	-1	0
896	11603	11599	0	-1	0
897	12461	12507	0	-1	0
898	11163	11171	0	-1	0
899	12716	12718	0	-1	0
900	11569	11583	0	-1	0
901	14052	12623	0	-1	0
902	12618	12617	0	-1	0
903	11667	11668	0	-1	0
904	11114	11116	0	-1	0
905	15234	15224	0	-1	0
906	11259	11252	0	-1	0
907	11191	11187	0	-1	0
908	11520	11441	0	-1	0
909	12479	15257	0	-1	0
910	11590	11506	0	-1	0
911	11832	11831	0	-1	0
912	11810	11721	0	-1	0
913	14754	15211	0	-1	0
914	15240	12766	0	-1	0
915	11543	11447	0	-1	0
916	12079	12043	0	-1	0
917	11376	11348	0	-1	0
918	12634	12679	0	-1	0
919	12679	12634	0	-1	0
920	11279	11315	0	-1	0
921	12493	12513	0	-1	0
922	11289	11294	0	-1	0
923	11825	12117	0	-1	0
924	11122	5453	0	-1	0
925	12527	15233	0	-1	0
926	12242	12348	0	-1	0
927	2568	11651	0	-1	0
928	11711	11707	1	47	7591
929	12034	12047	0	-1	0
930	11359	11477	0	-1	0
931	12876	12843	0	-1	0
932	12353	12354	0	-1	0
933	11511	11501	0	-1	0
934	12471	12552	0	-1	0
935	11060	10934	0	-1	0
936	12339	12220	0	-1	0
937	11575	11559	1	48	7532
938	11925	11952	0	-1	0
939	12235	12223	0	-1	0
940	11263	11260	0	-1	0
941	15257	12495	0	-1	0
942	11303	11298	0	-1	0
943	11714	11766	0	-1	0
944	15223	15231	0	-1	0
945	11566	11855	0	-1	0
946	14104	14105	0	-1	0
947	14794	14796	1	49	7647
948	11687	11685	0	-1	0
949	12549	12624	0	-1	0
950	11315	11311	0	-1	0
951	11142	11146	0	-1	0
952	11142	11143	0	-1	0
953	11416	11399	0	-1	0
954	12055	12011	0	-1	0
955	12170	12203	0	-1	0
956	12274	12259	0	-1	0
957	14787	11561	0	-1	0
958	11409	11303	0	-1	0
959	11709	11759	1	53	7590
960	11092	11064	0	-1	0
961	12149	12117	0	-1	0
962	11287	11496	0	-1	0
963	12229	12227	0	-1	0
964	12604	12541	0	-1	0
965	11707	2676	0	-1	0
966	11934	11971	0	-1	0
967	12121	12103	0	-1	0
968	11141	11145	0	-1	0
969	11505	11497	0	-1	0
970	11814	11831	0	-1	0
971	11739	11668	0	-1	0
972	11248	11259	0	-1	0
973	11662	11626	0	-1	0
974	15235	12376	0	-1	0
975	12002	12015	0	-1	0
976	14762	14738	0	-1	0
977	12363	12353	0	-1	0
978	12363	12351	0	-1	0
979	12354	12615	0	-1	0
980	12621	12643	0	-1	0
981	12697	12698	0	-1	0
982	11864	11816	0	-1	0
983	12110	12102	0	-1	0
984	12315	12392	0	-1	0
985	11785	11630	0	-1	0
986	2719	11708	1	54	7644
987	12291	12273	0	-1	0
988	11305	11297	0	-1	0
989	2209	2274	1	55	7641
990	11776	11760	0	-1	0
991	12151	12110	0	-1	0
992	12224	12219	0	-1	0
993	12480	12486	0	-1	0
994	11817	11810	0	-1	0
995	12491	12484	0	-1	0
996	14051	14066	1	56	8339
997	11740	11728	0	-1	0
998	11704	11720	0	-1	0
999	12167	12151	0	-1	0
1000	11657	11659	1	57	8053
1001	11581	14721	1	58	7772
1002	12095	12059	0	-1	0
1003	11816	11781	0	-1	0
1004	11245	11462	0	-1	0
1005	11738	11822	0	-1	0
1006	11101	11072	0	-1	0
1007	12912	12916	0	-1	0
1008	12446	12434	0	-1	0
1009	11297	11305	0	-1	0
1010	14290	11870	0	-1	0
1011	12701	12664	0	-1	0
1012	2533	2516	0	-1	0
1013	11313	11402	0	-1	0
1014	12471	12338	0	-1	0
1015	12442	12466	0	-1	0
1016	11694	11712	0	-1	0
1017	11521	11542	0	-1	0
1018	11904	11785	0	-1	0
1019	11254	11215	0	-1	0
1020	12411	12432	0	-1	0
1021	12857	12845	0	-1	0
1022	12206	12223	0	-1	0
1023	11177	11196	0	-1	0
1024	11522	11290	0	-1	0
1025	11797	11835	0	-1	0
1026	12237	12253	0	-1	0
1027	11867	11870	0	-1	0
1028	12109	12107	0	-1	0
1029	12366	12359	0	-1	0
1030	11930	11891	0	-1	0
1031	12254	12201	0	-1	0
1032	12623	12624	0	-1	0
1033	14712	11187	0	-1	0
1034	12479	12524	0	-1	0
1035	12107	12030	0	-1	0
1036	11719	11715	1	59	7790
1037	12614	14061	0	-1	0
1038	11303	11409	0	-1	0
1039	11276	11348	0	-1	0
1040	12351	12461	0	-1	0
1041	12542	12534	0	-1	0
1042	12551	12621	0	-1	0
1043	11748	11739	0	-1	0
1044	12718	12716	0	-1	0
1045	12351	12286	0	-1	0
1046	12464	12445	0	-1	0
1047	12549	12543	0	-1	0
1048	14768	14767	0	-1	0
1049	11475	11541	0	-1	0
1050	11960	11969	0	-1	0
1051	2450	11721	0	-1	0
1052	11396	11346	0	-1	0
1053	2599	2593	0	-1	0
1054	11215	11254	0	-1	0
1055	11728	11740	0	-1	0
1056	12612	12621	0	-1	0
1057	11843	11897	0	-1	0
1058	12624	12623	0	-1	0
1059	12657	12693	0	-1	0
1060	11060	11096	0	-1	0
1061	12261	12244	0	-1	0
1062	11730	11731	0	-1	0
1063	12557	12447	0	-1	0
1064	11744	11676	0	-1	0
1065	12497	12319	0	-1	0
1066	12176	12123	0	-1	0
1067	14777	14778	0	-1	0
1068	11106	5202	0	-1	0
1069	11541	11475	0	-1	0
1070	11455	11497	0	-1	0
1071	4979	5031	0	-1	0
1072	12609	12497	0	-1	0
1073	12513	12493	0	-1	0
1074	11523	11522	0	-1	0
1075	11961	11945	0	-1	0
1076	14747	14750	1	60	7766
1077	14747	14751	0	-1	0
1078	2564	2566	1	61	7585
1079	2005	11204	0	-1	0
1080	11618	11624	0	-1	0
1081	11734	11687	0	-1	0
1082	12725	12724	0	-1	0
1083	11501	11511	0	-1	0
1084	11936	11931	0	-1	0
1085	11546	11542	0	-1	0
1086	11783	11821	0	-1	0
1087	12068	12049	0	-1	0
1088	12222	12214	1	62	8069
1089	12115	12117	0	-1	0
1090	12115	12110	0	-1	0
1091	12157	12095	1	63	8070
1092	12635	12628	0	-1	0
1093	12067	12032	0	-1	0
1094	12209	12166	0	-1	0
1095	12191	12227	0	-1	0
1096	11418	11376	0	-1	0
1097	15239	15242	1	64	8113
1098	11506	11435	0	-1	0
1099	12494	12455	0	-1	0
1100	12422	12424	0	-1	0
1101	5058	5101	0	-1	0
1102	11503	11523	0	-1	0
1103	11251	11335	0	-1	0
1104	11891	11930	0	-1	0
1105	12094	12099	0	-1	0
1106	11755	11770	0	-1	0
1107	11183	11082	0	-1	0
1108	12334	12174	0	-1	0
1109	11870	11951	0	-1	0
1110	11501	11496	0	-1	0
1111	11685	11687	0	-1	0
1112	11770	11755	0	-1	0
1113	12758	12763	0	-1	0
1114	12289	12274	0	-1	0
1115	11848	11744	0	-1	0
1116	11718	2719	0	-1	0
1117	11569	11554	0	-1	0
1118	11290	11522	0	-1	0
1119	12528	12524	0	-1	0
1120	14724	11703	1	65	7786
1121	11952	11925	0	-1	0
1122	11855	11854	0	-1	0
1123	11837	11825	0	-1	0
1124	12419	12405	0	-1	0
1125	11347	11361	0	-1	0
1126	12851	12868	0	-1	0
1127	14782	14779	1	66	7528
1128	11751	11735	0	-1	0
1129	11226	11251	0	-1	0
1130	12098	12221	0	-1	0
1131	11176	11174	0	-1	0
1132	12503	12497	0	-1	0
1133	11290	11282	0	-1	0
1134	11178	11193	0	-1	0
1135	11496	11287	0	-1	0
1136	11890	11884	0	-1	0
1137	14699	14700	1	67	7691
1138	12624	12549	0	-1	0
1139	14793	14788	0	-1	0
1140	12034	12014	0	-1	0
1141	12181	12188	0	-1	0
1142	12168	12170	0	-1	0
1143	14778	11563	0	-1	0
1144	11831	11843	0	-1	0
1145	11287	11289	0	-1	0
1146	11137	14501	0	-1	0
1147	5101	5176	0	-1	0
1148	11583	11569	0	-1	0
1149	11448	11493	0	-1	0
1150	12457	12469	0	-1	0
1151	11135	11137	0	-1	0
1152	12582	12656	0	-1	0
1153	12166	12113	0	-1	0
1154	12541	12604	0	-1	0
1155	11890	11927	0	-1	0
1156	11447	11543	0	-1	0
1157	11696	11711	1	68	8273
1158	12117	12115	0	-1	0
1159	12117	12119	0	-1	0
1160	11305	11321	0	-1	0
1161	14792	11611	0	-1	0
1162	11185	11186	0	-1	0
1163	11891	11835	0	-1	0
1164	12358	12362	0	-1	0
1165	2566	2582	0	-1	0
1166	12868	12879	0	-1	0
1167	11897	11843	0	-1	0
1168	12845	12857	0	-1	0
1169	11181	11176	0	-1	0
1170	11205	11286	0	-1	0
1171	11101	11147	0	-1	0
1172	12515	12634	0	-1	0
1173	12685	12690	0	-1	0
1174	5058	4964	0	-1	0
1175	11723	11669	0	-1	0
1176	11971	11934	0	-1	0
1177	12217	12286	0	-1	0
1178	11725	11710	0	-1	0
1179	12110	12151	0	-1	0
1180	11214	11248	0	-1	0
1181	11940	11945	0	-1	0
1182	11294	11295	0	-1	0
1183	12108	12103	0	-1	0
1184	11080	11086	0	-1	0
1185	11080	11082	0	-1	0
1186	12396	12334	0	-1	0
1187	14733	14724	0	-1	0
1188	2674	2702	1	69	7299
1189	12098	12106	0	-1	0
1190	11177	11160	0	-1	0
1191	11215	11196	0	-1	0
1192	12426	12450	0	-1	0
1193	2005	11170	0	-1	0
1194	11704	11710	0	-1	0
1195	5738	5803	1	70	8091
1196	11441	11381	0	-1	0
1197	14753	11762	0	-1	0
1198	14794	11630	0	-1	0
1199	11146	11142	0	-1	0
1200	11146	11145	0	-1	0
1201	11822	11738	0	-1	0
1202	15232	12417	0	-1	0
1203	12098	12049	0	-1	0
1204	12218	12267	0	-1	0
1205	12632	12609	0	-1	0
1206	11174	11168	0	-1	0
1207	11611	11564	0	-1	0
1208	11276	11183	0	-1	0
1209	12767	12763	0	-1	0
1210	12767	12768	0	-1	0
1211	11905	11877	0	-1	0
1212	14772	14773	0	-1	0
1213	15214	12145	0	-1	0
1214	11254	11267	0	-1	0
1215	2543	11718	1	73	8237
1216	12405	12408	0	-1	0
1217	12180	12196	0	-1	0
1218	11292	11275	0	-1	0
1219	12037	12035	0	-1	0
1220	11116	11283	0	-1	0
1221	12346	12317	0	-1	0
1222	11264	11268	0	-1	0
1223	11264	11265	0	-1	0
1224	11710	11725	0	-1	0
1225	11448	11416	0	-1	0
1226	12611	12635	0	-1	0
1227	14052	14055	0	-1	0
1228	11296	11300	0	-1	0
1229	12397	12360	0	-1	0
1230	14692	14697	0	-1	0
1231	14692	14693	0	-1	0
1232	11612	14763	0	-1	0
1233	11814	11816	0	-1	0
1234	12105	12107	0	-1	0
1235	12343	12340	0	-1	0
1236	12343	12348	0	-1	0
1237	11978	12032	0	-1	0
1238	12253	12237	0	-1	0
1239	12795	12767	0	-1	0
1240	11660	11590	0	-1	0
1241	12174	12180	0	-1	0
1242	11110	11109	0	-1	0
1243	11533	14468	0	-1	0
1244	11137	11141	0	-1	0
1245	11402	11438	0	-1	0
1246	12002	12049	0	-1	0
1247	14114	11535	0	-1	0
1248	14762	14765	1	74	7785
1249	12483	12489	0	-1	0
1250	11883	11892	0	-1	0
1251	11361	11347	0	-1	0
1252	12610	12608	0	-1	0
1253	12621	12619	0	-1	0
1254	12621	12612	0	-1	0
1255	11669	11723	0	-1	0
1256	11706	11679	1	75	7805
1257	14717	11410	0	-1	0
1258	11096	11097	0	-1	0
1259	11096	11094	0	-1	0
1260	12191	12109	0	-1	0
1261	14044	12221	0	-1	0
1262	12376	12373	0	-1	0
1263	12376	12377	0	-1	0
1264	12197	12181	0	-1	0
1265	11261	11274	0	-1	0
1266	12450	12452	0	-1	0
1267	12621	12551	0	-1	0
1268	11245	14709	1	76	7778
1269	11291	11308	0	-1	0
1270	12626	12684	0	-1	0
1271	12109	12081	0	-1	0
1272	11252	11259	0	-1	0
1273	11252	11256	0	-1	0
1274	12049	12098	0	-1	0
1275	12271	12300	0	-1	0
1276	14780	11563	0	-1	0
1277	2538	2557	1	77	8073
1278	12300	12315	0	-1	0
1279	11320	11319	0	-1	0
1280	11735	11734	0	-1	0
1281	11320	11314	0	-1	0
1282	11187	11186	0	-1	0
1283	12506	12547	0	-1	0
1284	12503	12515	0	-1	0
1285	11522	11604	0	-1	0
1286	15208	15209	0	-1	0
1287	11762	11733	0	-1	0
1288	14767	14725	0	-1	0
1289	11877	14759	0	-1	0
1290	11738	11720	0	-1	0
1291	11961	11963	0	-1	0
1292	12555	12554	0	-1	0
1293	11870	11867	0	-1	0
1294	12615	12354	0	-1	0
1295	12113	12114	0	-1	0
1296	12607	12615	0	-1	0
1297	12826	12687	0	-1	0
1298	12319	12182	0	-1	0
1299	11298	11303	0	-1	0
1300	12468	12472	0	-1	0
1301	12468	12471	0	-1	0
1302	11170	2005	0	-1	0
1303	11265	11264	0	-1	0
1304	11516	11511	0	-1	0
1305	11785	11904	0	-1	0
1306	11867	11788	0	-1	0
1307	11835	11891	0	-1	0
1308	12024	11969	0	-1	0
1309	14776	14777	0	-1	0
1310	11564	11511	0	-1	0
1311	12345	12385	0	-1	0
1312	11274	11293	0	-1	0
1313	12108	11904	0	-1	0
1314	11775	14104	0	-1	0
1315	14784	14776	0	-1	0
1316	14779	11581	1	80	7454
1317	11512	11551	0	-1	0
1318	12035	15208	0	-1	0
1319	11181	11186	0	-1	0
1320	12488	12477	0	-1	0
1321	11493	11448	0	-1	0
1322	11823	11822	0	-1	0
1323	11823	11821	0	-1	0
1324	12081	12109	0	-1	0
1325	12419	12434	0	-1	0
1326	14766	11615	0	-1	0
1327	11766	11847	0	-1	0
1328	11119	11116	0	-1	0
1329	12617	12815	0	-1	0
1330	11326	11219	0	-1	0
1331	14732	14741	0	-1	0
1332	14770	14765	1	81	7782
1333	12523	12504	0	-1	0
1334	11675	11685	0	-1	0
1335	12377	15234	0	-1	0
1336	12448	12447	0	-1	0
1337	11651	11648	0	-1	0
1338	12409	12377	0	-1	0
1339	12233	12244	0	-1	0
1340	11095	11093	0	-1	0
1341	11095	11094	0	-1	0
1342	11630	11627	0	-1	0
1343	12489	12486	0	-1	0
1344	12489	12483	0	-1	0
1345	14756	14755	0	-1	0
1346	12463	12472	0	-1	0
1347	12315	12300	0	-1	0
1348	11168	11323	0	-1	0
1349	15248	15249	0	-1	0
1350	12392	12315	0	-1	0
1351	12821	12666	0	-1	0
1352	11216	11193	0	-1	0
1353	12035	12033	0	-1	0
1354	12035	12037	0	-1	0
1355	12439	12454	0	-1	0
1356	11511	11564	0	-1	0
1357	12251	12235	0	-1	0
1358	12629	12628	0	-1	0
1359	11712	11694	0	-1	0
1360	12345	12344	0	-1	0
1361	11831	11832	0	-1	0
1362	11314	11320	0	-1	0
1363	12102	12068	0	-1	0
1364	12200	12184	0	-1	0
1365	14752	14753	0	-1	0
1366	12619	12642	0	-1	0
1368	12547	12623	0	-1	0
1369	12464	12505	0	-1	0
1370	12701	12703	0	-1	0
1371	14722	14723	1	85	7534
1372	11072	11055	0	-1	0
1373	15218	15216	0	-1	0
1374	11869	11984	0	-1	0
1375	12117	12149	0	-1	0
1376	12691	12696	0	-1	0
1377	14786	14790	1	86	7433
1378	11104	11242	0	-1	0
1379	12229	12240	0	-1	0
1380	11135	11133	0	-1	0
1381	14691	14690	0	-1	0
1382	11256	11279	0	-1	0
1383	12477	12488	0	-1	0
1384	12541	12507	0	-1	0
1385	11476	11418	0	-1	0
1386	11864	11964	0	-1	0
1387	11348	11276	0	-1	0
1388	11823	11731	0	-1	0
1389	11251	11226	0	-1	0
1390	11361	11399	0	-1	0
1391	12254	12357	0	-1	0
1392	11347	11331	0	-1	0
1393	11145	11141	0	-1	0
1394	11145	11146	0	-1	0
1395	14055	14052	0	-1	0
1396	12445	12464	0	-1	0
1397	12445	12460	0	-1	0
1398	12398	12392	0	-1	0
1399	11561	14787	0	-1	0
1400	11561	14785	0	-1	0
1401	12117	11825	0	-1	0
1402	11756	11680	0	-1	0
1403	11238	11204	0	-1	0
1404	12410	12420	0	-1	0
1405	11697	11647	0	-1	0
1406	11122	11110	0	-1	0
1407	12461	12351	0	-1	0
1408	12024	12066	0	-1	0
1409	14706	14705	0	-1	0
1410	11497	11505	0	-1	0
1411	15220	15221	0	-1	0
1412	12267	12284	0	-1	0
1413	5202	11113	0	-1	0
1414	11089	11086	0	-1	0
1415	12401	12513	0	-1	0
1416	12462	12461	0	-1	0
1417	12608	12610	0	-1	0
1418	11520	14773	0	-1	0
1419	12392	12394	0	-1	0
1420	12392	12398	0	-1	0
1421	14734	14733	0	-1	0
1422	11750	11697	0	-1	0
1423	11615	11596	0	-1	0
1424	11268	11331	0	-1	0
1425	12285	14047	0	-1	0
1426	11628	11608	0	-1	0
1427	12227	12229	0	-1	0
1430	12767	15240	0	-1	0
1431	11675	11673	0	-1	0
1432	12449	12439	0	-1	0
1433	2557	2519	0	-1	0
1434	15224	15225	0	-1	0
1435	12196	12280	0	-1	0
1436	11331	11268	0	-1	0
1437	11275	11259	0	-1	0
1438	12109	12106	0	-1	0
1439	11945	11961	0	-1	0
1440	12470	12475	0	-1	0
1441	12391	12410	0	-1	0
1442	12626	15238	0	-1	0
1443	12391	12357	0	-1	0
1444	12011	11951	0	-1	0
1445	11311	11315	0	-1	0
1446	5744	11873	0	-1	0
1447	11090	11089	0	-1	0
1448	12455	12420	0	-1	0
1449	11742	11737	0	-1	0
1450	11695	14761	0	-1	0
1451	11733	11695	0	-1	0
1452	11381	11286	0	-1	0
1453	11683	11678	0	-1	0
1454	12119	12121	0	-1	0
1455	12451	12456	0	-1	0
1456	12296	12289	0	-1	0
1457	15232	15236	0	-1	0
1458	11495	11494	0	-1	0
1459	14773	11559	0	-1	0
1460	11173	11168	0	-1	0
1461	14707	14706	1	87	7696
1462	11082	11099	0	-1	0
1463	11511	11111	0	-1	0
1464	12609	12632	0	-1	0
1465	11116	11008	0	-1	0
1466	11925	11882	0	-1	0
1467	12275	12261	0	-1	0
1468	11835	11797	0	-1	0
1469	12657	12635	0	-1	0
1470	14468	11516	0	-1	0
1471	12528	15257	0	-1	0
1472	12047	12071	0	-1	0
1473	12520	12515	0	-1	0
1474	12351	12358	0	-1	0
1475	12068	12102	0	-1	0
1476	11147	11178	0	-1	0
1477	12397	12394	0	-1	0
1478	12609	12608	0	-1	0
1479	12615	12607	0	-1	0
1480	12521	12513	0	-1	0
1481	11673	11669	0	-1	0
1482	11109	11108	0	-1	0
1483	11910	11905	0	-1	0
1484	11910	11903	0	-1	0
1485	14297	11489	0	-1	0
1486	14290	11855	0	-1	0
1487	12442	12428	0	-1	0
1488	11489	11355	0	-1	0
1489	12104	12114	0	-1	0
1490	14720	14696	0	-1	0
1491	11059	11078	0	-1	0
1492	12613	12615	0	-1	0
1493	12613	12610	0	-1	0
1494	12299	12291	0	-1	0
1495	12547	12506	0	-1	0
1496	11854	11852	0	-1	0
1497	10867	11185	0	-1	0
1498	11308	11291	0	-1	0
1499	12528	12533	0	-1	0
1500	11736	11742	0	-1	0
1501	12203	12225	0	-1	0
1502	11781	11816	0	-1	0
1503	12174	12025	0	-1	0
1504	11185	11245	1	88	7779
1505	11583	11608	0	-1	0
1506	12181	12177	0	-1	0
1507	12604	12818	0	-1	0
1508	11854	11855	0	-1	0
1509	15230	15220	0	-1	0
1510	14764	14760	0	-1	0
1511	12826	12845	0	-1	0
1512	11971	12037	0	-1	0
1513	11271	11259	0	-1	0
1514	12366	12373	0	-1	0
1515	12634	12515	0	-1	0
1516	12703	12697	0	-1	0
1517	11785	11760	0	-1	0
1518	12532	12523	0	-1	0
1519	12352	12346	0	-1	0
1520	14760	14740	1	89	7771
1521	11903	11910	0	-1	0
1522	11335	11251	0	-1	0
1523	12360	12397	0	-1	0
1524	12843	12693	0	-1	0
1525	12821	12914	0	-1	0
1526	12604	12607	0	-1	0
1527	11783	11770	0	-1	0
1528	11728	11729	0	-1	0
1529	11260	11346	0	-1	0
1530	11160	11177	0	-1	0
1531	12340	12349	0	-1	0
1532	12340	12343	0	-1	0
1533	14740	14748	0	-1	0
1534	12624	12604	0	-1	0
1535	12071	12047	0	-1	0
1536	12420	12410	0	-1	0
1537	12450	12426	0	-1	0
1538	14757	14759	0	-1	0
1539	12318	12360	0	-1	0
1540	11331	11347	0	-1	0
1541	12152	12150	0	-1	0
1542	11826	11852	0	-1	0
1543	11516	14468	0	-1	0
1544	14792	11640	0	-1	0
1545	14765	14734	0	-1	0
1546	11683	11731	0	-1	0
1547	12679	12687	0	-1	0
1548	11831	11814	0	-1	0
1549	12033	12035	0	-1	0
1550	12038	11974	0	-1	0
1551	11424	14715	0	-1	0
1552	11424	14717	0	-1	0
1553	12422	12349	0	-1	0
1554	11589	11602	0	-1	0
1555	15239	12684	0	-1	0
1556	14788	14789	1	90	7702
1557	11523	11503	0	-1	0
1558	14769	14770	0	-1	0
1559	12666	12647	0	-1	0
1560	12627	15237	0	-1	0
1561	11951	12011	0	-1	0
1562	12408	12405	0	-1	0
1563	12284	12267	0	-1	0
1564	11772	11753	0	-1	0
1565	12060	12150	0	-1	0
1566	12454	12439	0	-1	0
1567	11981	12003	0	-1	0
1568	12271	12251	0	-1	0
1569	5811	5870	0	-1	0
1570	12513	12521	0	-1	0
1571	11904	12108	0	-1	0
1572	12815	12617	0	-1	0
1573	14725	11719	1	91	7791
1574	12631	12634	0	-1	0
1575	12223	12206	0	-1	0
1576	12194	12175	0	-1	0
1577	12469	12457	0	-1	0
1578	14700	11410	1	92	7977
1579	10973	11157	0	-1	0
1580	12338	12344	0	-1	0
1581	12360	12318	0	-1	0
1582	12473	12481	0	-1	0
1583	11113	11159	1	93	8085
1584	11566	11561	0	-1	0
1585	12304	12317	0	-1	0
1586	12916	15244	0	-1	0
1587	14728	14729	0	-1	0
1588	12300	12271	0	-1	0
1589	11114	11107	0	-1	0
1590	11859	11883	0	-1	0
1591	11929	11931	0	-1	0
1592	14723	14774	0	-1	0
1593	11497	11694	0	-1	0
1594	11082	11049	0	-1	0
1595	11832	11825	0	-1	0
1596	11542	11521	0	-1	0
1597	12472	12463	0	-1	0
1598	11855	11978	0	-1	0
1599	12472	12468	0	-1	0
1600	11226	11181	0	-1	0
1601	12038	12060	0	-1	0
1602	12536	12553	0	-1	0
1603	12553	12582	0	-1	0
1604	12105	5870	0	-1	0
1605	11418	11476	0	-1	0
1606	12123	12055	0	-1	0
1607	12219	12224	0	-1	0
1608	12102	12220	0	-1	0
1609	11748	11832	0	-1	0
1610	11289	11287	0	-1	0
1611	11744	11848	0	-1	0
1612	11260	11261	0	-1	0
1613	11260	11263	0	-1	0
1614	11627	14792	0	-1	0
1615	11627	14793	1	94	7919
1616	15213	15215	0	-1	0
1617	2702	2719	0	-1	0
1618	11464	14703	0	-1	0
1619	11732	11731	0	-1	0
1621	11475	11438	0	-1	0
1622	14702	14691	1	95	7966
1623	11729	11728	0	-1	0
1624	12043	12079	0	-1	0
1625	12168	12152	0	-1	0
1626	12688	12685	0	-1	0
1627	11689	11664	0	-1	0
1628	11511	11516	0	-1	0
1629	12488	12485	0	-1	0
1630	12317	12304	0	-1	0
1631	11736	11726	0	-1	0
1632	11494	11507	0	-1	0
1633	12188	15230	0	-1	0
1634	12730	12683	0	-1	0
1635	14791	11630	0	-1	0
1636	4979	11493	0	-1	0
1637	14705	14722	0	-1	0
1638	12551	12519	0	-1	0
1639	11270	11282	0	-1	0
1640	11720	11704	0	-1	0
1641	11265	11283	0	-1	0
1642	12697	12703	0	-1	0
1643	11219	11326	0	-1	0
1644	11299	11505	0	-1	0
1645	12403	12401	0	-1	0
1646	11873	11834	0	-1	0
1647	12543	12549	0	-1	0
1648	14787	11573	0	-1	0
1649	12543	12541	0	-1	0
1650	11308	11316	0	-1	0
1651	12032	12163	0	-1	0
1652	14691	11176	0	-1	0
1653	11832	11748	0	-1	0
1654	11687	11734	0	-1	0
1655	11522	11507	0	-1	0
1656	11882	11925	0	-1	0
1657	11725	11730	0	-1	0
1658	12539	12617	0	-1	0
1659	11108	11109	0	-1	0
1660	11108	11105	0	-1	0
1661	11781	2331	0	-1	0
1662	11316	11304	0	-1	0
1663	11316	11308	0	-1	0
1664	14190	11678	0	-1	0
1665	12011	12055	0	-1	0
1666	12348	12350	0	-1	0
1667	11680	11635	0	-1	0
1668	14739	14764	0	-1	0
1669	11302	11311	0	-1	0
1670	12354	14460	0	-1	0
1671	15227	15222	0	-1	0
1672	12182	12319	0	-1	0
1673	15227	15229	0	-1	0
1674	11823	11933	0	-1	0
1675	12494	12515	0	-1	0
1676	11843	11831	0	-1	0
1677	12684	12729	0	-1	0
1678	5694	11821	0	-1	0
1679	11554	11569	0	-1	0
1680	12504	12491	0	-1	0
1681	12898	12910	0	-1	0
1682	12554	12555	0	-1	0
1683	11358	11455	0	-1	0
1684	12355	12613	0	-1	0
1685	12188	12196	0	-1	0
1686	11099	11082	0	-1	0
1687	12170	12168	0	-1	0
1688	11676	11744	0	-1	0
1689	14773	14771	0	-1	0
1690	11667	11669	0	-1	0
1691	11533	11546	0	-1	0
1692	12410	12391	0	-1	0
1693	11359	11342	0	-1	0
1694	12651	12527	0	-1	0
1695	11302	11299	0	-1	0
1696	12240	12338	0	-1	0
1697	12495	12409	0	-1	0
1698	12493	12460	0	-1	0
1699	12470	12480	0	-1	0
1700	12461	12462	0	-1	0
1701	14759	11884	0	-1	0
1702	11497	11455	0	-1	0
1703	11464	11560	0	-1	0
1704	11296	11295	0	-1	0
1705	11958	11942	0	-1	0
1706	12860	12795	0	-1	0
1707	4964	5058	0	-1	0
1708	11613	11647	0	-1	0
1709	11459	11495	0	-1	0
1710	12524	12626	0	-1	0
1711	5700	5723	0	-1	0
1712	5202	11106	0	-1	0
1713	12623	12659	0	-1	0
1714	11242	11104	0	-1	0
1715	14771	14781	0	-1	0
1716	11980	11967	0	-1	0
1717	11760	11776	0	-1	0
1718	11708	11713	1	96	8272
1719	11903	14456	0	-1	0
1720	11543	11699	0	-1	0
1721	12319	12497	0	-1	0
1722	15238	15239	1	97	8114
1723	11078	11140	0	-1	0
1724	11320	11103	0	-1	0
1725	11311	11302	0	-1	0
1726	14751	11877	0	-1	0
1727	11186	11187	0	-1	0
1728	14773	11520	0	-1	0
1729	12104	12100	0	-1	0
1730	11282	11290	0	-1	0
1731	11712	11825	0	-1	0
1732	11143	14513	0	-1	0
1733	11790	11859	0	-1	0
1734	11715	11689	0	-1	0
1735	11410	14714	0	-1	0
1736	11776	11838	0	-1	0
1737	5016	5058	0	-1	0
1738	11072	11101	0	-1	0
1739	12286	12217	0	-1	0
1740	12477	12462	0	-1	0
1741	12722	12724	0	-1	0
1742	11812	11811	0	-1	0
1743	12445	12398	0	-1	0
1744	14055	12619	0	-1	0
1745	11346	11396	0	-1	0
1746	12506	12339	0	-1	0
1747	12693	12657	0	-1	0
1748	12206	12150	0	-1	0
1749	11131	11111	0	-1	0
1750	12225	12233	0	-1	0
1751	12015	12002	0	-1	0
1752	12015	12003	0	-1	0
1753	11730	11725	0	-1	0
1754	12152	12168	0	-1	0
1755	12763	12758	0	-1	0
1756	12396	12478	0	-1	0
1757	12220	12102	0	-1	0
1758	12163	12032	0	-1	0
1759	11193	11216	0	-1	0
1760	12643	12621	0	-1	0
1761	12059	12030	0	-1	0
1762	12413	12408	0	-1	0
1763	11204	11238	0	-1	0
1764	11927	11890	0	-1	0
1765	11496	11497	0	-1	0
1766	12359	12366	0	-1	0
1767	11979	11959	0	-1	0
1768	14726	14727	0	-1	0
1769	11731	11823	0	-1	0
1770	11111	10863	0	-1	0
1771	5347	10954	0	-1	0
1772	11602	11635	0	-1	0
1773	11496	11501	0	-1	0
1774	11750	11788	0	-1	0
1775	11186	11462	0	-1	0
1776	14703	14719	0	-1	0
1777	12149	12218	0	-1	0
1778	11242	11290	0	-1	0
1779	2047	11303	0	-1	0
1780	11133	11131	0	-1	0
1781	11133	11135	0	-1	0
1782	12619	12621	0	-1	0
1783	11106	11107	0	-1	0
1784	12447	12451	0	-1	0
1785	12515	12503	0	-1	0
1786	11596	14707	0	-1	0
1787	11892	11883	0	-1	0
1788	11092	11093	0	-1	0
1789	11092	11091	0	-1	0
1790	11559	11550	0	-1	0
1791	11148	11143	0	-1	0
1792	12351	12363	0	-1	0
1793	11346	11260	0	-1	0
1794	14749	14728	0	-1	0
1795	11094	11095	0	-1	0
1796	11094	11096	0	-1	0
1797	2274	2331	1	98	7457
1798	11987	11947	0	-1	0
1799	12103	12121	0	-1	0
1800	12184	12167	0	-1	0
1801	11753	11717	0	-1	0
1802	14746	14751	0	-1	0
1803	11822	11823	0	-1	0
1804	11837	11835	0	-1	0
1805	11947	11987	0	-1	0
1806	11489	11493	0	-1	0
1807	14110	2516	0	-1	0
1808	11625	14792	1	99	7920
1809	11625	14797	1	100	7530
1810	12851	15242	0	-1	0
1811	11717	11496	0	-1	0
1812	11969	12024	0	-1	0
1813	2516	5016	1	101	8081
1816	12389	12405	0	-1	0
1817	11933	11823	0	-1	0
1818	12634	12631	0	-1	0
1819	11175	11464	1	102	7967
1820	14725	14726	0	-1	0
1821	12259	12194	1	103	8068
1822	12656	12664	0	-1	0
1823	12233	12225	0	-1	0
1824	11959	11913	1	104	8090
1825	12221	12285	0	-1	0
1826	12552	12471	0	-1	0
1827	11620	11424	0	-1	0
1828	11608	11628	0	-1	0
1829	11342	11359	0	-1	0
1830	11573	11625	0	-1	0
1831	14797	11640	0	-1	0
1832	11673	11675	0	-1	0
1833	11756	11771	0	-1	0
1834	11838	11776	0	-1	0
1835	11624	11618	0	-1	0
1836	12200	12219	0	-1	0
1837	11855	11566	0	-1	0
1838	12066	12024	0	-1	0
1839	11137	11052	0	-1	0
1840	11332	11368	0	-1	0
1841	2447	2450	1	105	8052
1842	14752	14749	0	-1	0
1843	11654	11651	1	106	7571
1844	11835	11837	0	-1	0
1845	11835	11838	0	-1	0
1846	11720	11738	0	-1	0
1847	11303	2047	0	-1	0
1848	12275	12318	0	-1	0
1849	11304	11316	0	-1	0
1850	11283	11265	0	-1	0
1851	5694	5744	0	-1	0
1852	11669	11673	0	-1	0
1853	12174	12170	0	-1	0
1854	11785	11826	0	-1	0
1855	15229	12283	0	-1	0
1856	11155	11163	0	-1	0
1857	5453	5347	0	-1	0
1858	6882	14041	0	-1	0
1859	11723	11786	0	-1	0
1860	11786	11723	0	-1	0
1861	12716	12714	0	-1	0
1862	12714	12716	0	-1	0
1863	14501	11533	0	-1	0
1864	11533	14501	0	-1	0
1865	14744	14740	1	107	7767
1866	14743	14744	0	-1	0
1867	14738	14743	0	-1	0
1868	14738	14746	0	-1	0
1869	11878	14757	0	-1	0
1870	11877	14758	0	-1	0
1871	11853	14749	0	-1	0
1872	14758	14756	0	-1	0
1873	12359	12310	0	-1	0
1874	12310	12359	0	-1	0
1875	12310	12280	0	-1	0
1876	12280	12310	0	-1	0
1877	12283	15222	0	-1	0
1878	15223	15224	0	-1	0
1879	12334	12310	0	-1	0
1880	12310	12334	0	-1	0
1881	12725	12729	0	-1	0
1882	12729	12725	0	-1	0
1883	15241	12795	0	-1	0
1884	14700	14701	0	-1	0
1885	14701	14702	0	-1	0
1886	12651	15237	0	-1	0
1887	12737	12734	0	-1	0
1888	11149	11191	0	-1	0
1889	10854	11089	0	-1	0
1890	11064	11092	0	-1	0
1892	11890	11898	0	-1	0
1893	12378	12377	0	-1	0
1894	12752	12762	0	-1	0
1895	12762	12769	0	-1	0
1896	12818	12604	0	-1	0
1898	12769	12762	0	-1	0
1899	14060	14052	0	-1	0
1900	12752	12737	0	-1	0
1901	12762	12752	0	-1	0
1902	11049	11082	0	-1	0
1903	12734	12737	0	-1	0
1904	12377	12378	0	-1	0
1905	11052	11137	0	-1	0
1906	14513	11143	0	-1	0
1907	10863	11111	0	-1	0
1908	14052	14060	0	-1	0
1909	11898	11890	0	-1	0
1910	12737	12752	0	-1	0
1911	12918	15250	0	-1	0
1912	11191	11194	0	-1	0
1913	11194	11191	0	-1	0
1914	11191	11149	0	-1	0
1915	100	101	0	-1	0
1916	101	12863	0	-1	0
1917	12863	101	0	-1	0
1918	101	103	0	-1	0
1919	103	101	0	-1	0
1920	101	105	0	-1	0
1921	12912	100	0	-1	0
1922	102	12912	0	-1	0
1923	104	103	0	-1	0
1924	103	102	0	-1	0
1925	100	105	0	-1	0
1926	104	102	0	-1	0
1927	106	103	0	-1	0
1928	103	106	0	-1	0
1929	12876	109	0	-1	0
1930	12885	12865	0	-1	0
1931	12865	12885	0	-1	0
1932	12892	12885	0	-1	0
1933	12885	12881	0	-1	0
1934	109	108	0	-1	0
1935	108	107	0	-1	0
1936	12892	12881	0	-1	0
1937	109	107	0	-1	0
1938	12881	12876	0	-1	0
1939	12885	108	0	-1	0
1941	110	108	0	-1	0
1943	105	12892	0	-1	0
1945	111	112	0	-1	0
1946	112	111	0	-1	0
1947	12910	12916	0	-1	0
1948	12916	12910	0	-1	0
1949	112	12916	0	-1	0
1950	112	12910	0	-1	0
1952	12916	112	0	-1	0
1953	12909	12886	0	-1	0
1954	119	120	0	-1	0
1955	120	12909	0	-1	0
1958	122	12918	0	-1	0
1959	15249	121	0	-1	0
1960	12917	15245	0	-1	0
1962	5453	5202	0	-1	0
1963	5202	5453	0	-1	0
1964	5176	5453	0	-1	0
1965	11122	10952	0	-1	0
1966	5453	11122	0	-1	0
1967	11110	11122	0	-1	0
1968	150	151	0	-1	0
1969	151	5031	0	-1	0
1970	11159	150	0	-1	0
1971	150	11379	0	-1	0
1972	151	160	0	-1	0
1973	5031	160	0	-1	0
1974	160	152	0	-1	0
1975	152	170	0	-1	0
1976	152	153	0	-1	0
1977	153	14113	0	-1	0
1978	170	181	0	-1	0
1979	2518	2538	0	-1	0
1980	153	200	0	-1	0
1981	200	201	0	-1	0
1982	201	180	0	-1	0
1983	204	14083	0	-1	0
1984	181	210	0	-1	0
1985	2635	210	0	-1	0
1986	210	220	0	-1	0
1987	251	2563	0	-1	0
1988	251	255	0	-1	0
1989	255	256	0	-1	0
1990	256	257	0	-1	0
1991	257	222	0	-1	0
1992	255	258	0	-1	0
1993	258	259	0	-1	0
1994	259	223	0	-1	0
1995	220	222	0	-1	0
1996	220	223	0	-1	0
1997	2557	260	0	-1	0
1998	260	223	0	-1	0
1999	222	262	0	-1	0
2000	262	263	0	-1	0
2001	223	264	0	-1	0
2002	264	300	0	-1	0
2003	300	11812	0	-1	0
2004	11812	300	0	-1	0
2005	300	264	0	-1	0
2006	264	5782	0	-1	0
2007	300	301	0	-1	0
2008	301	300	0	-1	0
2009	301	302	0	-1	0
2010	302	301	0	-1	0
2011	302	11947	0	-1	0
2012	11947	302	0	-1	0
2013	5782	305	0	-1	0
2014	263	305	0	-1	0
2015	305	306	0	-1	0
2016	306	308	0	-1	0
2017	308	307	0	-1	0
2018	306	5805	0	-1	0
2019	307	310	0	-1	0
2020	310	12105	0	-1	0
2021	5738	311	0	-1	0
2022	311	309	0	-1	0
2023	309	307	0	-1	0
2024	5694	264	0	-1	0
2025	264	5694	0	-1	0
2026	5694	312	0	-1	0
2027	312	11834	0	-1	0
2028	11678	314	0	-1	0
2029	314	14084	0	-1	0
2030	314	314	0	-1	0
2031	315	14082	0	-1	0
2032	14190	313	0	-1	0
2033	313	315	0	-1	0
2034	313	316	0	-1	0
2035	316	14084	0	-1	0
2036	180	202	0	-1	0
2037	202	203	0	-1	0
2038	328	2169	0	-1	0
2039	326	328	0	-1	0
2040	327	326	0	-1	0
2041	2655	326	0	-1	0
2042	203	190	0	-1	0
2043	327	11683	0	-1	0
2044	14083	327	0	-1	0
2045	190	14093	0	-1	0
2046	171	204	0	-1	0
2047	324	171	0	-1	0
2048	171	2655	0	-1	0
2049	325	251	0	-1	0
2050	323	325	0	-1	0
2051	323	324	0	-1	0
2052	322	324	0	-1	0
2053	2450	322	0	-1	0
2054	11721	323	0	-1	0
2055	322	330	0	-1	0
2056	330	325	0	-1	0
2057	14082	317	0	-1	0
2058	11535	319	0	-1	0
2059	319	320	0	-1	0
2060	320	321	0	-1	0
2061	320	11623	0	-1	0
2062	317	318	0	-1	0
2063	11648	318	0	-1	0
2064	318	319	0	-1	0
2065	317	321	0	-1	0
2066	321	11657	0	-1	0
2067	14105	190	0	-1	0
2068	12658	14060	0	-1	0
2069	14060	12564	0	-1	0
2070	12658	12564	0	-1	0
2071	14055	14066	0	-1	0
2072	14066	14070	0	-1	0
2073	12723	12658	0	-1	0
2074	12763	12767	0	-1	0
2075	12769	12768	0	-1	0
2076	12533	12528	0	-1	0
2077	12734	12730	0	-1	0
2078	12037	12041	0	-1	0
2079	12041	12037	0	-1	0
2080	12177	12134	0	-1	0
2081	12134	12177	0	-1	0
2082	12177	15230	0	-1	0
2083	12177	12188	0	-1	0
2084	12188	12177	0	-1	0
2085	12280	12196	0	-1	0
2086	12196	12188	0	-1	0
2087	11623	11721	0	-1	0
2088	11533	14787	0	-1	0
2089	11875	11881	0	-1	0
2090	11881	11875	0	-1	0
2091	11623	11489	0	-1	0
2092	107	104	0	-1	0
2093	108	12885	0	-1	0
2094	108	110	0	-1	0
2095	12910	112	0	-1	0
2096	15245	12917	0	-1	0
2097	11604	11522	0	-1	0
2098	11604	11687	0	-1	0
2099	10932	11093	0	-1	0
2100	11767	11766	0	-1	0
2101	11847	11890	0	-1	0
2102	11103	10974	0	-1	0
2103	12918	341	0	-1	0
2104	342	15249	0	-1	0
2105	347	12882	0	-1	0
2106	15243	346	0	-1	0
2107	343	350	0	-1	0
2108	350	347	0	-1	0
2109	15250	347	0	-1	0
2110	346	15248	0	-1	0
2111	346	345	0	-1	0
2112	341	340	0	-1	0
2113	341	15245	0	-1	0
2114	15245	343	0	-1	0
2115	340	343	0	-1	0
2116	15245	340	0	-1	0
2117	340	15245	0	-1	0
2118	15244	342	0	-1	0
2119	340	342	0	-1	0
2120	345	15244	0	-1	0
2121	345	340	0	-1	0
2122	15244	340	0	-1	0
2123	340	15244	0	-1	0
